15 1
15 1
15 1
15 1
15 1
15 1
15 1
15 1
15 1
15 1
15 1
15 1
15 1
15 1
15 1
15 1
15 1
15 1
15 1
15 1
15 1
15 1
15 1
15 1
15 1
15 1
15 1
15 1
15 1
15 1
19 1
19 1
19 1
19 1
19 1
19 1
19 1
19 1
19 1
19 1
19 1
19 1
19 1
20 1
15 1
18 1
18 1
18 1
18 1
18 1
18 1
18 1
18 1
18 1
18 1
18 1
18 1
18 1
18 1
21 1
16 0
16 0
16 0
16 0
17 1
16 0
16 0
16 0
16 0
16 0
17 1
16 0
16 0
16 0
16 0
16 0
16 0
16 0
16 0
17 1
16 0
16 0
16 0
16 0
16 0
17 1
16 0
16 0
16 0
16 0
16 0
16 0
16 0
16 0
16 0
16 0
16 0
16 0
16 0
16 0
16 0
16 0
16 0
16 0
16 0
16 0
16 0
16 0
16 0
16 0
16 0
16 0
17 1
16 0
16 0
16 0
16 0
16 0
16 0
16 0
16 0
16 0
16 0
16 0
16 0
16 0
16 0
17 1
16 0
16 0
16 0
16 0
16 0
16 0
16 0
15 1
15 1
15 1
15 1
15 1
15 1
15 1
15 1
15 1
15 1
15 1
15 1
15 1
15 1
15 1
15 1
15 1
15 1
15 1
15 1
15 1
15 1
15 1
15 1
15 1
15 1
15 1
15 1
15 1
15 1
15 1
15 1
15 1
15 1
15 1
15 1
15 1
15 1
15 1
15 1
15 1
15 1
15 1
15 1
15 1
15 1
15 1
15 1
15 1
15 1
15 1
15 1
15 1
15 1
15 1
15 1
15 1
15 1
15 1
15 1
15 1
15 1
15 1
15 1
15 1
15 1
15 1
15 1
15 1
15 1
15 1
15 1
15 1
15 1
15 1
15 1
15 1
15 1
15 1
15 1
15 1
15 1
15 1
15 1
15 1
15 1
15 1
15 1
15 1
15 1
