9 1
9 1
9 1
9 1
9 1
9 1
8 1
9 1
9 1
9 1
9 1
9 1
9 1
9 1
9 1
9 1
9 1
12 0
14 0
14 0
14 0
14 0
14 0
14 0
14 0
14 0
14 0
6 0
9 1
9 1
9 1
9 1
4 0
11 0
13 0
13 0
13 0
13 0
11 0
11 0
11 0
11 0
7 0
9 1
9 1
9 1
9 1
4 0
7 0
9 1
9 1
8 1
9 1
4 0
7 0
9 1
4 0
7 0
9 1
9 1
9 1
9 1
4 0
7 0
9 1
9 1
8 1
9 1
4 0
7 0
9 1
4 0
7 0
9 1
9 1
9 1
9 1
4 0
7 0
9 1
9 1
8 1
9 1
4 0
11 0
14 0
11 0
7 0
9 1
9 1
9 1
9 1
4 0
7 0
9 1
9 1
8 1
9 1
3 0
13 0
13 0
11 0
7 0
9 1
9 1
14 0
14 0
11 0
7 0
9 1
0 1
8 0
9 1
9 1
9 1
9 1
4 0
11 0
14 0
14 0
11 0
11 0
11 0
7 0
9 1
1 1
8 1
9 1
9 1
9 1
9 1
4 0
11 0
11 0
11 0
13 0
13 0
11 0
7 0
9 1
2 1
8 1
9 1
9 1
9 1
9 1
4 0
11 0
13 0
13 0
9 1
9 1
4 0
7 0
9 1
9 1
8 1
9 1
9 1
9 1
12 0
11 0
7 0
9 1
9 1
9 1
9 1
4 0
11 0
6 0
9 1
8 1
9 1
9 1
9 1
4 0
11 0
10 0
9 1
9 1
9 1
9 1
4 0
11 0
11 0
14 0
14 0
14 0
14 0
14 0
11 0
7 0
9 1
9 1
9 1
9 1
9 1
9 1
3 0
13 0
13 0
13 0
13 0
13 0
13 0
13 0
10 0
9 1
9 1
9 1
9 1
9 1
9 1
9 1
9 1
9 1
8 1
9 1
9 1
9 1
9 1
9 1
9 1
9 1
9 1
