31 1
31 1
31 1
31 1
31 1
31 1
30 1
31 1
31 1
31 1
31 1
31 1
31 1
31 1
31 1
31 1
31 1
34 0
36 0
36 0
36 0
36 0
36 0
36 0
36 0
36 0
36 0
28 0
31 1
31 1
31 1
31 1
26 0
33 0
35 0
35 0
35 0
35 0
33 0
33 0
33 0
33 0
29 0
31 1
31 1
31 1
31 1
26 0
29 0
31 1
31 1
30 1
31 1
26 0
29 0
31 1
26 0
29 0
31 1
31 1
31 1
31 1
26 0
29 0
31 1
31 1
30 1
31 1
26 0
29 0
31 1
26 0
29 0
31 1
31 1
31 1
31 1
26 0
29 0
31 1
31 1
30 1
31 1
26 0
33 0
36 0
33 0
29 0
31 1
31 1
31 1
31 1
26 0
29 0
31 1
31 1
30 1
31 1
25 0
35 0
35 0
33 0
29 0
31 1
31 1
36 0
36 0
33 0
29 0
31 1
22 1
30 0
31 1
31 1
31 1
31 1
26 0
33 0
36 0
36 0
33 0
33 0
33 0
29 0
31 1
23 1
30 1
31 1
31 1
31 1
31 1
26 0
33 0
33 0
33 0
35 0
35 0
33 0
29 0
31 1
24 1
30 1
31 1
31 1
31 1
31 1
26 0
33 0
35 0
35 0
31 1
31 1
26 0
29 0
31 1
31 1
30 1
31 1
31 1
31 1
34 0
33 0
29 0
31 1
31 1
31 1
31 1
26 0
33 0
28 0
31 1
30 1
31 1
31 1
31 1
26 0
33 0
32 0
31 1
31 1
31 1
31 1
26 0
33 0
33 0
36 0
36 0
36 0
36 0
36 0
33 0
29 0
31 1
31 1
31 1
31 1
31 1
31 1
25 0
35 0
35 0
35 0
35 0
35 0
35 0
35 0
32 0
31 1
31 1
31 1
31 1
31 1
31 1
31 1
31 1
31 1
30 1
31 1
31 1
31 1
31 1
31 1
31 1
31 1
31 1
